1196 3250   1196 3243 297.438
1196 3243   1200 3225 297.438
1200 3225   1200 3225 297.438
1200 3225   1202 3214 297.438
1202 3214   1203 3212 297.438
1203 3212   1208 3205 297.438
1208 3205   1215 3192 297.438
1215 3192   1219 3188 297.438
1219 3188   1231 3178 297.438
1231 3178   1232 3178 297.438
1232 3178   1243 3176 297.438
1243 3176   1245 3176 297.438
1245 3176   1256 3177 297.438
1256 3177   1265 3177 297.438
1265 3177   1276 3178 297.438
1276 3178   1281 3178 297.438
1281 3178   1352 3187 297.438
1352 3187   1376 3190 297.438
1376 3190   1375 3199 297.438
1375 3199   1365 3342 297.438
1365 3342   1365 3348 297.438
1365 3348   1261 3347 297.438
1261 3347   1246 3347 297.438
1246 3347   1234 3346 297.438
1234 3346   1234 3346 297.438
1234 3346   1220 3342 297.438
1220 3342   1206 3329 297.438
1206 3329   1200 3312 297.438
1200 3312   1196 3303 297.438
1196 3303   1196 3303 297.438
1196 3303   1195 3285 297.438
1195 3285   1194 3281 297.438
1194 3281   1194 3275 297.438
1194 3275   1196 3250 297.438
1196 3250   1196 3250 297.438
1196 3478   1205 3456 297.438
1205 3456   1205 3455 297.438
1205 3455   1207 3453 297.438
1207 3453   1219 3440 297.438
1219 3440   1231 3436 297.438
1231 3436   1261 3435 297.438
1261 3435   1275 3435 297.438
1275 3435   1365 3434 297.438
1365 3434   1365 3439 297.438
1365 3439   1371 3531 297.438
1371 3531   1375 3591 297.438
1375 3591   1366 3592 297.438
1366 3592   1286 3601 297.438
1286 3601   1251 3605 297.438
1251 3605   1243 3605 297.438
1243 3605   1229 3603 297.438
1229 3603   1226 3599 297.438
1226 3599   1215 3590 297.438
1215 3590   1213 3587 297.438
1213 3587   1209 3579 297.438
1209 3579   1202 3567 297.438
1202 3567   1202 3565 297.438
1202 3565   1198 3550 297.438
1198 3550   1196 3539 297.438
1196 3539   1195 3515 297.438
1195 3515   1194 3514 297.438
1194 3514   1194 3506 297.438
1194 3506   1196 3478 297.438
1196 3478   1196 3478 297.438
1196 3475   1196 3474 297.438
1196 3474   1196 3475 297.438
1220 3666   1233 3649 297.438
1233 3649   1242 3645 297.438
1242 3645   1242 3645 297.438
1242 3645   1247 3643 297.438
1247 3643   1248 3642 297.438
1248 3642   1268 3640 297.438
1268 3640   1375 3628 297.438
1375 3628   1378 3628 297.438
1378 3628   1379 3639 297.438
1379 3639   1386 3681 297.438
1386 3681   1403 3786 297.438
1403 3786   1381 3791 297.438
1381 3791   1347 3798 297.438
1347 3798   1312 3805 297.438
1312 3805   1292 3809 297.438
1292 3809   1276 3811 297.438
1276 3811   1266 3811 297.438
1266 3811   1261 3810 297.438
1261 3810   1259 3810 297.438
1259 3810   1244 3799 297.438
1244 3799   1244 3799 297.438
1244 3799   1240 3795 297.438
1240 3795   1235 3788 297.438
1235 3788   1228 3778 297.438
1228 3778   1228 3776 297.438
1228 3776   1225 3769 297.438
1225 3769   1220 3749 297.438
1220 3749   1219 3748 297.438
1219 3748   1218 3739 297.438
1218 3739   1214 3718 297.438
1214 3718   1214 3711 297.438
1214 3711   1213 3689 297.438
1213 3689   1220 3666 297.438
1220 3666   1220 3666 297.438
1215 3062   1216 3054 297.438
1216 3054   1220 3030 297.438
1220 3030   1222 3025 297.438
1222 3025   1225 3017 297.438
1225 3017   1229 3002 297.438
1229 3002   1232 2997 297.438
1232 2997   1237 2991 297.438
1237 2991   1244 2981 297.438
1244 2981   1254 2973 297.438
1254 2973   1257 2971 297.438
1257 2971   1259 2970 297.438
1259 2970   1264 2969 297.438
1264 2969   1272 2969 297.438
1272 2969   1275 2968 297.438
1275 2968   1305 2975 297.438
1305 2975   1329 2980 297.438
1329 2980   1329 2980 297.438
1329 2980   1380 2991 297.438
1380 2991   1404 2995 297.438
1404 2995   1403 2999 297.438
1403 2999   1403 3002 297.438
1403 3002   1400 3019 297.438
1400 3019   1387 3097 297.438
1387 3097   1387 3098 297.438
1387 3098   1380 3138 297.438
1380 3138   1379 3151 297.438
1379 3151   1296 3141 297.438
1296 3141   1289 3141 297.438
1289 3141   1265 3138 297.438
1265 3138   1256 3137 297.438
1256 3137   1249 3137 297.438
1249 3137   1234 3131 297.438
1234 3131   1232 3129 297.438
1232 3129   1222 3116 297.438
1222 3116   1221 3114 297.438
1221 3114   1220 3112 297.438
1220 3112   1214 3092 297.438
1214 3092   1214 3091 297.438
1214 3091   1215 3062 297.438
1215 3062   1215 3062 297.438
1261 3934   1266 3909 297.438
1266 3909   1276 3894 297.438
1276 3894   1277 3893 297.438
1277 3893   1288 3887 297.438
1288 3887   1288 3887 297.438
1288 3887   1289 3886 297.438
1289 3886   1299 3884 297.438
1299 3884   1299 3884 297.438
1299 3884   1335 3878 297.438
1335 3878   1416 3858 297.438
1416 3858   1418 3858 297.438
1418 3858   1422 3875 297.438
1422 3875   1430 3908 297.438
1430 3908   1449 3975 297.438
1449 3975   1453 3988 297.438
1453 3988   1459 4011 297.438
1459 4011   1447 4014 297.438
1447 4014   1426 4020 297.438
1426 4020   1407 4025 297.438
1407 4025   1346 4047 297.438
1346 4047   1339 4049 297.438
1339 4049   1334 4051 297.438
1334 4051   1319 4051 297.438
1319 4051   1302 4042 297.438
1302 4042   1301 4042 297.438
1301 4042   1287 4026 297.438
1287 4026   1286 4024 297.438
1286 4024   1285 4023 297.438
1285 4023   1277 4006 297.438
1277 4006   1276 4005 297.438
1276 4005   1276 4004 297.438
1276 4004   1272 3995 297.438
1272 3995   1270 3990 297.438
1270 3990   1270 3987 297.438
1270 3987   1263 3966 297.438
1263 3966   1262 3958 297.438
1262 3958   1260 3937 297.438
1260 3937   1260 3936 297.438
1260 3936   1261 3934 297.438
1261 3934   1261 3934 297.438
1266 2821   1267 2808 297.438
1267 2808   1269 2799 297.438
1269 2799   1275 2776 297.438
1275 2776   1278 2768 297.438
1278 2768   1287 2750 297.438
1287 2750   1287 2750 297.438
1287 2750   1302 2733 297.438
1302 2733   1304 2731 297.438
1304 2731   1314 2726 297.438
1314 2726   1320 2723 297.438
1320 2723   1323 2722 297.438
1323 2722   1337 2722 297.438
1337 2722   1412 2745 297.438
1412 2745   1432 2751 297.438
1432 2751   1462 2762 297.438
1462 2762   1453 2793 297.438
1453 2793   1446 2814 297.438
1446 2814   1427 2894 297.438
1427 2894   1421 2916 297.438
1421 2916   1416 2916 297.438
1416 2916   1361 2905 297.438
1361 2905   1313 2892 297.438
1313 2892   1298 2889 297.438
1298 2889   1293 2887 297.438
1293 2887   1285 2883 297.438
1285 2883   1280 2880 297.438
1280 2880   1276 2874 297.438
1276 2874   1269 2862 297.438
1269 2862   1265 2841 297.438
1265 2841   1264 2837 297.438
1264 2837   1264 2833 297.438
1264 2833   1266 2821 297.438
1266 2821   1266 2821 297.438
1267 3906   1267 3905 297.438
1267 3905   1267 3906 297.438
1298 3884   1298 3884 297.438
1329 4130   1327 4130 297.438
1327 4130   1328 4125 297.438
1328 4125   1331 4118 297.438
1331 4118   1337 4106 297.438
1337 4106   1338 4105 297.438
1338 4105   1339 4104 297.438
1339 4104   1349 4098 297.438
1349 4098   1354 4096 297.438
1354 4096   1356 4095 297.438
1356 4095   1356 4095 297.438
1356 4095   1380 4086 297.438
1380 4086   1474 4057 297.438
1474 4057   1494 4114 297.438
1494 4114   1519 4183 297.438
1519 4183   1529 4207 297.438
1529 4207   1519 4212 297.438
1519 4212   1478 4229 297.438
1478 4229   1408 4258 297.438
1408 4258   1407 4258 297.438
1407 4258   1401 4259 297.438
1401 4259   1401 4259 297.438
1401 4259   1393 4260 297.438
1393 4260   1376 4253 297.438
1376 4253   1375 4252 297.438
1375 4252   1362 4240 297.438
1362 4240   1355 4234 297.438
1355 4234   1344 4213 297.438
1344 4213   1340 4203 297.438
1340 4203   1333 4182 297.438
1333 4182   1331 4179 297.438
1331 4179   1331 4175 297.438
1331 4175   1328 4164 297.438
1328 4164   1328 4162 297.438
1328 4162   1325 4151 297.438
1325 4151   1325 4149 297.438
1325 4149   1329 4130 297.438
1329 4130   1329 4130 297.438
1334 2599   1335 2596 297.438
1335 2596   1343 2574 297.438
1343 2574   1345 2568 297.438
1345 2568   1349 2561 297.438
1349 2561   1359 2543 297.438
1359 2543   1360 2541 297.438
1360 2541   1365 2536 297.438
1365 2536   1376 2527 297.438
1376 2527   1378 2526 297.438
1378 2526   1378 2526 297.438
1378 2526   1397 2518 297.438
1397 2518   1401 2519 297.438
1401 2519   1411 2520 297.438
1411 2520   1430 2529 297.438
1430 2529   1433 2531 297.438
1433 2531   1507 2562 297.438
1507 2562   1532 2572 297.438
1532 2572   1532 2573 297.438
1532 2573   1531 2574 297.438
1531 2574   1522 2594 297.438
1522 2594   1495 2670 297.438
1495 2670   1477 2720 297.438
1477 2720   1458 2713 297.438
1458 2713   1438 2707 297.438
1438 2707   1429 2704 297.438
1429 2704   1353 2680 297.438
1353 2680   1339 2671 297.438
1339 2671   1335 2662 297.438
1335 2662   1330 2653 297.438
1330 2653   1329 2639 297.438
1329 2639   1328 2626 297.438
1328 2626   1328 2626 297.438
1328 2626   1331 2611 297.438
1331 2611   1334 2599 297.438
1334 2599   1334 2599 297.438
1423 4356   1422 4357 297.438
1422 4357   1423 4355 297.438
1423 4355   1423 4355 297.438
1423 4355   1429 4339 297.438
1429 4339   1430 4338 297.438
1430 4338   1435 4334 297.438
1435 4334   1440 4330 297.438
1440 4330   1476 4315 297.438
1476 4315   1552 4279 297.438
1552 4279   1558 4276 297.438
1558 4276   1560 4275 297.438
1560 4275   1563 4283 297.438
1563 4283   1563 4283 297.438
1563 4283   1565 4286 297.438
1565 4286   1565 4286 297.438
1565 4286   1578 4315 297.438
1578 4315   1613 4381 297.438
1613 4381   1614 4382 297.438
1614 4382   1632 4416 297.438
1632 4416   1603 4431 297.438
1603 4431   1589 4439 297.438
1589 4439   1579 4445 297.438
1579 4445   1579 4445 297.438
1579 4445   1560 4435 297.438
1560 4435   1547 4453 297.438
1547 4453   1554 4460 297.438
1554 4460   1538 4469 297.438
1538 4469   1518 4481 297.438
1518 4481   1509 4483 297.438
1509 4483   1504 4485 297.438
1504 4485   1504 4485 297.438
1504 4485   1483 4478 297.438
1483 4478   1469 4468 297.438
1469 4468   1469 4468 297.438
1469 4468   1463 4463 297.438
1463 4463   1458 4456 297.438
1458 4456   1451 4446 297.438
1451 4446   1446 4440 297.438
1446 4440   1432 4413 297.438
1432 4413   1431 4412 297.438
1431 4412   1429 4407 297.438
1429 4407   1425 4394 297.438
1425 4394   1422 4386 297.438
1422 4386   1422 4358 297.438
1422 4358   1423 4356 297.438
1423 4356   1423 4356 297.438
1427 2392   1428 2388 297.438
1428 2388   1436 2363 297.438
1436 2363   1437 2361 297.438
1437 2361   1447 2342 297.438
1447 2342   1450 2336 297.438
1450 2336   1452 2333 297.438
1452 2333   1467 2313 297.438
1467 2313   1468 2312 297.438
1468 2312   1483 2301 297.438
1483 2301   1486 2298 297.438
1486 2298   1487 2298 297.438
1487 2298   1508 2291 297.438
1508 2291   1509 2291 297.438
1509 2291   1517 2293 297.438
1517 2293   1518 2293 297.438
1518 2293   1521 2294 297.438
1521 2294   1551 2310 297.438
1551 2310   1584 2328 297.438
1584 2328   1602 2338 297.438
1602 2338   1634 2358 297.438
1634 2358   1637 2360 297.438
1637 2360   1621 2389 297.438
1621 2389   1602 2423 297.438
1602 2423   1566 2498 297.438
1566 2498   1564 2502 297.438
1564 2502   1522 2484 297.438
1522 2484   1470 2459 297.438
1470 2459   1469 2458 297.438
1469 2458   1448 2448 297.438
1448 2448   1440 2442 297.438
1440 2442   1439 2442 297.438
1439 2442   1436 2439 297.438
1436 2439   1434 2437 297.438
1434 2437   1430 2426 297.438
1430 2426   1430 2426 297.438
1430 2426   1429 2424 297.438
1429 2424   1429 2424 297.438
1429 2424   1427 2416 297.438
1427 2416   1427 2392 297.438
1430 4335   1431 4334 297.438
1431 4334   1430 4335 297.438
1430 4335   1430 4335 297.438
1483 4478   1483 4478 297.438
1530 4536   1531 4535 297.438
1531 4535   1531 4534 297.438
1531 4534   1535 4529 297.438
1535 4529   1537 4527 297.438
1537 4527   1542 4522 297.438
1542 4522   1562 4510 297.438
1562 4510   1617 4476 297.438
1617 4476   1618 4476 297.438
1618 4476   1655 4456 297.438
1655 4456   1692 4518 297.438
1692 4518   1741 4591 297.438
1741 4591   1711 4613 297.438
1711 4613   1684 4633 297.438
1684 4633   1656 4651 297.438
1656 4651   1634 4666 297.438
1634 4666   1624 4670 297.438
1624 4670   1623 4670 297.438
1623 4670   1618 4671 297.438
1618 4671   1613 4670 297.438
1613 4670   1600 4667 297.438
1600 4667   1599 4667 297.438
1599 4667   1586 4659 297.438
1586 4659   1583 4658 297.438
1583 4658   1577 4654 297.438
1577 4654   1570 4647 297.438
1570 4647   1557 4632 297.438
1557 4632   1555 4629 297.438
1555 4629   1544 4612 297.438
1544 4612   1541 4608 297.438
1541 4608   1539 4604 297.438
1539 4604   1530 4583 297.438
1530 4583   1529 4580 297.438
1529 4580   1528 4575 297.438
1528 4575   1526 4557 297.438
1526 4557   1526 4552 297.438
1526 4552   1530 4536 297.438
1530 4536   1530 4536 297.438
1533 2207   1533 2206 297.438
1533 2206   1534 2198 297.438
1534 2198   1537 2192 297.438
1537 2192   1543 2178 297.438
1543 2178   1546 2171 297.438
1546 2171   1562 2145 297.438
1562 2145   1563 2144 297.438
1563 2144   1568 2138 297.438
1568 2138   1576 2129 297.438
1576 2129   1580 2124 297.438
1580 2124   1581 2122 297.438
1581 2122   1601 2111 297.438
1601 2111   1606 2109 297.438
1606 2109   1611 2108 297.438
1611 2108   1624 2105 297.438
1624 2105   1635 2109 297.438
1635 2109   1638 2110 297.438
1638 2110   1639 2111 297.438
1639 2111   1669 2134 297.438
1669 2134   1733 2178 297.438
1733 2178   1746 2187 297.438
1746 2187   1741 2193 297.438
1741 2193   1738 2198 297.438
1738 2198   1721 2222 297.438
1721 2222   1720 2224 297.438
1720 2224   1683 2284 297.438
1683 2284   1661 2320 297.438
1661 2320   1658 2318 297.438
1658 2318   1632 2302 297.438
1632 2302   1577 2270 297.438
1577 2270   1550 2256 297.438
1550 2256   1547 2254 297.438
1547 2254   1542 2249 297.438
1542 2249   1539 2246 297.438
1539 2246   1537 2243 297.438
1537 2243   1532 2223 297.438
1532 2223   1532 2223 297.438
1532 2223   1533 2207 297.438
1533 2207   1533 2207 297.438
1680 4732   1698 4720 297.438
1698 4720   1764 4670 297.438
1764 4670   1786 4654 297.438
1786 4654   1787 4656 297.438
1787 4656   1800 4673 297.438
1800 4673   1852 4735 297.438
1852 4735   1886 4776 297.438
1886 4776   1871 4788 297.438
1871 4788   1846 4811 297.438
1846 4811   1814 4840 297.438
1814 4840   1788 4864 297.438
1788 4864   1783 4866 297.438
1783 4866   1780 4868 297.438
1780 4868   1775 4870 297.438
1775 4870   1767 4870 297.438
1767 4870   1753 4868 297.438
1753 4868   1745 4865 297.438
1745 4865   1735 4860 297.438
1735 4860   1735 4860 297.438
1735 4860   1731 4858 297.438
1731 4858   1726 4854 297.438
1726 4854   1716 4845 297.438
1716 4845   1713 4842 297.438
1713 4842   1704 4832 297.438
1704 4832   1692 4818 297.438
1692 4818   1687 4812 297.438
1687 4812   1676 4794 297.438
1676 4794   1674 4790 297.438
1674 4790   1672 4781 297.438
1672 4781   1668 4765 297.438
1668 4765   1669 4760 297.438
1669 4760   1671 4744 297.438
1671 4744   1674 4739 297.438
1674 4739   1680 4732 297.438
1680 4732   1680 4732 297.438
1673 2015   1673 2014 297.438
1673 2014   1677 1997 297.438
1677 1997   1678 1993 297.438
1678 1993   1679 1989 297.438
1679 1989   1692 1968 297.438
1692 1968   1694 1965 297.438
1694 1965   1708 1948 297.438
1708 1948   1709 1947 297.438
1709 1947   1715 1940 297.438
1715 1940   1719 1936 297.438
1719 1936   1729 1927 297.438
1729 1927   1736 1921 297.438
1736 1921   1738 1919 297.438
1738 1919   1748 1915 297.438
1748 1915   1758 1910 297.438
1758 1910   1769 1909 297.438
1769 1909   1779 1909 297.438
1779 1909   1781 1908 297.438
1781 1908   1781 1909 297.438
1781 1909   1783 1909 297.438
1783 1909   1794 1915 297.438
1794 1915   1800 1920 297.438
1800 1920   1819 1936 297.438
1819 1936   1829 1945 297.438
1829 1945   1853 1967 297.438
1853 1967   1865 1978 297.438
1865 1978   1891 2003 297.438
1891 2003   1853 2049 297.438
1853 2049   1805 2105 297.438
1805 2105   1790 2126 297.438
1790 2126   1781 2119 297.438
1781 2119   1745 2092 297.438
1745 2092   1685 2047 297.438
1685 2047   1683 2044 297.438
1683 2044   1678 2038 297.438
1678 2038   1675 2034 297.438
1675 2034   1673 2015 297.438
1673 2015   1673 2015 297.438
1811 4913   1815 4907 297.438
1815 4907   1817 4903 297.438
1817 4903   1818 4901 297.438
1818 4901   1819 4900 297.438
1819 4900   1845 4876 297.438
1845 4876   1873 4850 297.438
1873 4850   1889 4834 297.438
1889 4834   1917 4811 297.438
1917 4811   1940 4836 297.438
1940 4836   1958 4855 297.438
1958 4855   2015 4911 297.438
2015 4911   2029 4924 297.438
2029 4924   2026 4928 297.438
2026 4928   2026 4928 297.438
2026 4928   1991 4968 297.438
1991 4968   1978 4982 297.438
1978 4982   1957 5003 297.438
1957 5003   1940 5021 297.438
1940 5021   1928 5028 297.438
1928 5028   1927 5029 297.438
1927 5029   1906 5029 297.438
1906 5029   1890 5024 297.438
1890 5024   1882 5021 297.438
1882 5021   1881 5020 297.438
1881 5020   1877 5017 297.438
1877 5017   1869 5012 297.438
1869 5012   1858 5003 297.438
1858 5003   1855 5001 297.438
1855 5001   1835 4981 297.438
1835 4981   1820 4960 297.438
1820 4960   1820 4959 297.438
1820 4959   1818 4957 297.438
1818 4957   1817 4955 297.438
1817 4955   1817 4954 297.438
1817 4954   1812 4938 297.438
1812 4938   1810 4932 297.438
1810 4932   1811 4917 297.438
1811 4917   1811 4913 297.438
1818 1847   1824 1828 297.438
1824 1828   1825 1825 297.438
1825 1825   1826 1820 297.438
1826 1820   1828 1818 297.438
1828 1818   1840 1802 297.438
1840 1802   1843 1797 297.438
1843 1797   1849 1791 297.438
1849 1791   1865 1774 297.438
1865 1774   1867 1772 297.438
1867 1772   1869 1771 297.438
1869 1771   1889 1757 297.438
1889 1757   1890 1756 297.438
1890 1756   1911 1750 297.438
1911 1750   1914 1749 297.438
1914 1749   1933 1749 297.438
1933 1749   1935 1751 297.438
1935 1751   1938 1752 297.438
1938 1752   1940 1754 297.438
1940 1754   1946 1757 297.438
1946 1757   1946 1757 297.438
1946 1757   1947 1758 297.438
1947 1758   1949 1760 297.438
1949 1760   1973 1788 297.438
1973 1788   2035 1854 297.438
2035 1854   2023 1866 297.438
2023 1866   1998 1889 297.438
1998 1889   1950 1939 297.438
1950 1939   1924 1967 297.438
1924 1967   1899 1943 297.438
1899 1943   1885 1929 297.438
1885 1929   1850 1899 297.438
1850 1899   1830 1881 297.438
1830 1881   1826 1878 297.438
1826 1878   1823 1872 297.438
1823 1872   1819 1867 297.438
1819 1867   1819 1854 297.438
1819 1854   1818 1847 297.438
1818 1847   1818 1847 297.438
1844 1796   1844 1795 297.438
1844 1795   1844 1796 297.438
1999 5076   1999 5075 297.438
1999 5075   2015 5057 297.438
2015 5057   2046 5023 297.438
2046 5023   2046 5023 297.438
2046 5023   2067 5000 297.438
2067 5000   2086 4977 297.438
2086 4977   2164 5041 297.438
2164 5041   2169 5045 297.438
2169 5045   2199 5069 297.438
2199 5069   2209 5077 297.438
2209 5077   2185 5108 297.438
2185 5108   2142 5167 297.438
2142 5167   2140 5169 297.438
2140 5169   2132 5182 297.438
2132 5182   2119 5192 297.438
2119 5192   2115 5193 297.438
2115 5193   2100 5195 297.438
2100 5195   2096 5194 297.438
2096 5194   2075 5190 297.438
2075 5190   2071 5187 297.438
2071 5187   2050 5174 297.438
2050 5174   2044 5169 297.438
2044 5169   2040 5166 297.438
2040 5166   2027 5156 297.438
2027 5156   2023 5151 297.438
2023 5151   2016 5143 297.438
2016 5143   2004 5131 297.438
2004 5131   1997 5116 297.438
1997 5116   1994 5109 297.438
1994 5109   1993 5098 297.438
1993 5098   1993 5089 297.438
1993 5089   1999 5076 297.438
1999 5076   1999 5076 297.438
1998 1674   2000 1671 297.438
2000 1671   2005 1660 297.438
2005 1660   2009 1650 297.438
2009 1650   2011 1648 297.438
2011 1648   2017 1641 297.438
2017 1641   2029 1628 297.438
2029 1628   2031 1627 297.438
2031 1627   2037 1622 297.438
2037 1622   2055 1607 297.438
2055 1607   2060 1604 297.438
2060 1604   2080 1592 297.438
2080 1592   2085 1591 297.438
2085 1591   2101 1587 297.438
2101 1587   2102 1587 297.438
2102 1587   2125 1590 297.438
2125 1590   2135 1598 297.438
2135 1598   2135 1598 297.438
2135 1598   2136 1599 297.438
2136 1599   2196 1680 297.438
2196 1680   2197 1681 297.438
2197 1681   2212 1701 297.438
2212 1701   2213 1703 297.438
2213 1703   2214 1704 297.438
2214 1704   2204 1712 297.438
2204 1712   2175 1736 297.438
2175 1736   2090 1805 297.438
2090 1805   2079 1793 297.438
2079 1793   2076 1789 297.438
2076 1789   2027 1736 297.438
2027 1736   2027 1736 297.438
2027 1736   2009 1713 297.438
2009 1713   2004 1707 297.438
2004 1707   2000 1699 297.438
2000 1699   1999 1696 297.438
1999 1696   1998 1696 297.438
1998 1696   1998 1674 297.438
2096 4964   2098 4962 297.438
2098 4962   2095 4966 297.438
2095 4966   2097 4964 297.438
2097 4964   2096 4964 297.438
2097 4964   2096 4964 297.438
2163 5222   2163 5221 297.438
2163 5221   2168 5208 297.438
2168 5208   2181 5189 297.438
2181 5189   2192 5173 297.438
2192 5173   2245 5102 297.438
2245 5102   2256 5109 297.438
2256 5109   2373 5188 297.438
2373 5188   2378 5191 297.438
2378 5191   2362 5216 297.438
2362 5216   2310 5303 297.438
2310 5303   2299 5313 297.438
2299 5313   2282 5318 297.438
2282 5318   2278 5318 297.438
2278 5318   2258 5316 297.438
2258 5316   2255 5315 297.438
2255 5315   2252 5314 297.438
2252 5314   2234 5305 297.438
2234 5305   2228 5302 297.438
2228 5302   2223 5298 297.438
2223 5298   2211 5290 297.438
2211 5290   2202 5284 297.438
2202 5284   2190 5274 297.438
2190 5274   2187 5271 297.438
2187 5271   2180 5264 297.438
2180 5264   2174 5256 297.438
2174 5256   2166 5242 297.438
2166 5242   2165 5236 297.438
2165 5236   2165 5233 297.438
2165 5233   2163 5222 297.438
2163 5222   2163 5222 297.438
2170 1540   2170 1539 297.438
2170 1539   2170 1540 297.438
2167 1562   2166 1560 297.438
2166 1560   2167 1556 297.438
2167 1556   2169 1543 297.438
2169 1543   2179 1525 297.438
2179 1525   2180 1523 297.438
2180 1523   2183 1518 297.438
2183 1518   2193 1509 297.438
2193 1509   2196 1507 297.438
2196 1507   2203 1500 297.438
2203 1500   2224 1486 297.438
2224 1486   2227 1484 297.438
2227 1484   2230 1482 297.438
2230 1482   2240 1477 297.438
2240 1477   2257 1468 297.438
2257 1468   2259 1468 297.438
2259 1468   2263 1467 297.438
2263 1467   2263 1467 297.438
2263 1467   2284 1465 297.438
2284 1465   2301 1469 297.438
2301 1469   2302 1470 297.438
2302 1470   2313 1480 297.438
2313 1480   2380 1593 297.438
2380 1593   2297 1648 297.438
2297 1648   2275 1663 297.438
2275 1663   2249 1681 297.438
2249 1681   2246 1676 297.438
2246 1676   2219 1638 297.438
2219 1638   2219 1638 297.438
2219 1638   2173 1577 297.438
2173 1577   2170 1570 297.438
2170 1570   2167 1562 297.438
2167 1562   2167 1562 297.438
2381 1423   2386 1406 297.438
2386 1406   2403 1385 297.438
2403 1385   2404 1383 297.438
2404 1383   2407 1381 297.438
2407 1381   2421 1372 297.438
2421 1372   2426 1368 297.438
2426 1368   2435 1364 297.438
2435 1364   2446 1359 297.438
2446 1359   2456 1354 297.438
2456 1354   2470 1349 297.438
2470 1349   2472 1348 297.438
2472 1348   2472 1348 297.438
2472 1348   2484 1345 297.438
2484 1345   2486 1345 297.438
2486 1345   2494 1344 297.438
2494 1344   2509 1344 297.438
2509 1344   2516 1347 297.438
2516 1347   2517 1347 297.438
2517 1347   2528 1351 297.438
2528 1351   2528 1351 297.438
2528 1351   2536 1361 297.438
2536 1361   2538 1363 297.438
2538 1363   2548 1383 297.438
2548 1383   2561 1413 297.438
2561 1413   2592 1483 297.438
2592 1483   2583 1487 297.438
2583 1487   2454 1550 297.438
2454 1550   2449 1553 297.438
2449 1553   2401 1467 297.438
2401 1467   2391 1449 297.438
2391 1449   2385 1439 297.438
2385 1439   2381 1423 297.438
2381 1423   2381 1423 297.438
2383 5378   2378 5361 297.438
2378 5361   2381 5349 297.438
2381 5349   2446 5231 297.438
2446 5231   2451 5233 297.438
2451 5233   2533 5274 297.438
2533 5274   2588 5301 297.438
2588 5301   2580 5316 297.438
2580 5316   2543 5400 297.438
2543 5400   2540 5407 297.438
2540 5407   2534 5421 297.438
2534 5421   2532 5423 297.438
2532 5423   2529 5426 297.438
2529 5426   2524 5432 297.438
2524 5432   2506 5439 297.438
2506 5439   2481 5439 297.438
2481 5439   2477 5438 297.438
2477 5438   2477 5438 297.438
2477 5438   2466 5434 297.438
2466 5434   2452 5430 297.438
2452 5430   2445 5426 297.438
2445 5426   2432 5419 297.438
2432 5419   2423 5415 297.438
2423 5415   2416 5410 297.438
2416 5410   2401 5400 297.438
2401 5400   2399 5399 297.438
2399 5399   2396 5395 297.438
2396 5395   2383 5378 297.438
2383 5378   2383 5378 297.438
2609 5356   2624 5322 297.438
2624 5322   2626 5319 297.438
2626 5319   2635 5323 297.438
2635 5323   2676 5339 297.438
2676 5339   2775 5376 297.438
2775 5376   2768 5398 297.438
2768 5398   2757 5431 297.438
2757 5431   2746 5465 297.438
2746 5465   2744 5471 297.438
2744 5471   2743 5473 297.438
2743 5473   2732 5501 297.438
2732 5501   2728 5508 297.438
2728 5508   2725 5511 297.438
2725 5511   2724 5513 297.438
2724 5513   2722 5514 297.438
2722 5514   2712 5519 297.438
2712 5519   2707 5521 297.438
2707 5521   2687 5523 297.438
2687 5523   2682 5524 297.438
2682 5524   2663 5520 297.438
2663 5520   2663 5520 297.438
2663 5520   2654 5518 297.438
2654 5518   2642 5514 297.438
2642 5514   2634 5511 297.438
2634 5511   2621 5506 297.438
2621 5506   2616 5503 297.438
2616 5503   2596 5493 297.438
2596 5493   2580 5476 297.438
2580 5476   2579 5475 297.438
2579 5475   2572 5457 297.438
2572 5457   2571 5455 297.438
2571 5455   2572 5447 297.438
2572 5447   2572 5446 297.438
2572 5446   2573 5441 297.438
2573 5441   2609 5356 297.438
2609 5356   2609 5356 297.438
2583 1310   2586 1307 297.438
2586 1307   2600 1291 297.438
2600 1291   2627 1277 297.438
2627 1277   2643 1271 297.438
2643 1271   2643 1271 297.438
2643 1271   2657 1266 297.438
2657 1266   2675 1261 297.438
2675 1261   2677 1261 297.438
2677 1261   2684 1259 297.438
2684 1259   2706 1261 297.438
2706 1261   2711 1261 297.438
2711 1261   2715 1263 297.438
2715 1263   2727 1269 297.438
2727 1269   2727 1269 297.438
2727 1269   2729 1270 297.438
2729 1270   2730 1271 297.438
2730 1271   2735 1280 297.438
2735 1280   2737 1282 297.438
2737 1282   2749 1317 297.438
2749 1317   2755 1336 297.438
2755 1336   2771 1385 297.438
2771 1385   2779 1407 297.438
2779 1407   2755 1416 297.438
2755 1416   2742 1421 297.438
2742 1421   2730 1426 297.438
2730 1426   2682 1444 297.438
2682 1444   2681 1444 297.438
2681 1444   2643 1459 297.438
2643 1459   2631 1464 297.438
2631 1464   2604 1400 297.438
2604 1400   2586 1358 297.438
2586 1358   2579 1344 297.438
2579 1344   2576 1327 297.438
2576 1327   2577 1326 297.438
2577 1326   2583 1311 297.438
2583 1311   2583 1310 297.438
2617 1470   2616 1471 297.438
2616 1471   2617 1470 297.438
2617 1470   2617 1470 297.438
2805 5525   2806 5522 297.438
2806 5522   2809 5512 297.438
2809 5512   2820 5482 297.438
2820 5482   2844 5401 297.438
2844 5401   2845 5399 297.438
2845 5399   2861 5404 297.438
2861 5404   2893 5414 297.438
2893 5414   2962 5431 297.438
2962 5431   2997 5440 297.438
2997 5440   2989 5473 297.438
2989 5473   2984 5492 297.438
2984 5492   2975 5538 297.438
2975 5538   2970 5563 297.438
2970 5563   2969 5568 297.438
2969 5568   2961 5583 297.438
2961 5583   2946 5592 297.438
2946 5592   2943 5593 297.438
2943 5593   2939 5594 297.438
2939 5594   2923 5597 297.438
2923 5597   2918 5598 297.438
2918 5598   2912 5597 297.438
2912 5597   2896 5595 297.438
2896 5595   2891 5595 297.438
2891 5595   2886 5594 297.438
2886 5594   2861 5587 297.438
2861 5587   2858 5587 297.438
2858 5587   2855 5585 297.438
2855 5585   2835 5576 297.438
2835 5576   2832 5574 297.438
2832 5574   2833 5574 297.438
2833 5574   2814 5557 297.438
2814 5557   2809 5549 297.438
2809 5549   2807 5545 297.438
2807 5545   2805 5541 297.438
2805 5541   2805 5525 297.438
2814 1242   2818 1235 297.438
2818 1235   2822 1227 297.438
2822 1227   2823 1225 297.438
2823 1225   2840 1210 297.438
2840 1210   2841 1209 297.438
2841 1209   2842 1209 297.438
2842 1209   2848 1206 297.438
2848 1206   2855 1202 297.438
2855 1202   2870 1196 297.438
2870 1196   2873 1195 297.438
2873 1195   2901 1187 297.438
2901 1187   2903 1187 297.438
2903 1187   2929 1184 297.438
2929 1184   2930 1184 297.438
2930 1184   2933 1185 297.438
2933 1185   2952 1189 297.438
2952 1189   2954 1190 297.438
2954 1190   2971 1200 297.438
2971 1200   2977 1211 297.438
2977 1211   2978 1211 297.438
2978 1211   2979 1213 297.438
2979 1213   2984 1234 297.438
2984 1234   2996 1285 297.438
2996 1285   3001 1307 297.438
3001 1307   3007 1342 297.438
3007 1342   2974 1350 297.438
2974 1350   2949 1356 297.438
2949 1356   2872 1378 297.438
2872 1378   2853 1384 297.438
2853 1384   2853 1384 297.438
2853 1384   2851 1379 297.438
2851 1379   2834 1329 297.438
2834 1329   2821 1282 297.438
2821 1282   2815 1261 297.438
2815 1261   2814 1258 297.438
2814 1258   2814 1242 297.438
3018 5579   3019 5570 297.438
3019 5570   3023 5546 297.438
3023 5546   3028 5522 297.438
3028 5522   3036 5485 297.438
3036 5485   3045 5450 297.438
3045 5450   3104 5461 297.438
3104 5461   3176 5474 297.438
3176 5474   3202 5477 297.438
3202 5477   3201 5488 297.438
3201 5488   3191 5564 297.438
3191 5564   3190 5576 297.438
3190 5576   3186 5607 297.438
3186 5607   3183 5613 297.438
3183 5613   3179 5622 297.438
3179 5622   3177 5624 297.438
3177 5624   3177 5624 297.438
3177 5624   3162 5635 297.438
3162 5635   3157 5636 297.438
3157 5636   3147 5639 297.438
3147 5639   3138 5642 297.438
3138 5642   3137 5642 297.438
3137 5642   3115 5641 297.438
3115 5641   3104 5639 297.438
3104 5639   3087 5636 297.438
3087 5636   3080 5635 297.438
3080 5635   3074 5633 297.438
3074 5633   3062 5629 297.438
3062 5629   3051 5626 297.438
3051 5626   3049 5624 297.438
3049 5624   3040 5619 297.438
3040 5619   3030 5611 297.438
3030 5611   3024 5603 297.438
3024 5603   3024 5603 297.438
3024 5603   3019 5595 297.438
3019 5595   3019 5595 297.438
3019 5595   3018 5592 297.438
3018 5592   3018 5579 297.438
3027 1194   3027 1189 297.438
3027 1189   3037 1174 297.438
3037 1174   3039 1173 297.438
3039 1173   3045 1168 297.438
3045 1168   3058 1158 297.438
3058 1158   3063 1157 297.438
3063 1157   3076 1152 297.438
3076 1152   3087 1149 297.438
3087 1149   3095 1147 297.438
3095 1147   3112 1144 297.438
3112 1144   3121 1143 297.438
3121 1143   3130 1143 297.438
3130 1143   3148 1142 297.438
3148 1142   3156 1145 297.438
3156 1145   3170 1149 297.438
3170 1149   3171 1150 297.438
3171 1150   3171 1150 297.438
3171 1150   3187 1162 297.438
3187 1162   3190 1168 297.438
3190 1168   3194 1177 297.438
3194 1177   3195 1199 297.438
3195 1199   3195 1200 297.438
3195 1200   3205 1281 297.438
3205 1281   3208 1307 297.438
3208 1307   3204 1308 297.438
3204 1308   3185 1310 297.438
3185 1310   3110 1323 297.438
3110 1323   3053 1333 297.438
3053 1333   3050 1314 297.438
3050 1314   3043 1281 297.438
3043 1281   3030 1225 297.438
3030 1225   3026 1205 297.438
3026 1205   3026 1198 297.438
3026 1198   3027 1194 297.438
3027 1194   3027 1194 297.438
3135 5643   3133 5643 297.438
3133 5643   3135 5643 297.438
3264 5616   3264 5615 297.438
3264 5615   3269 5578 297.438
3269 5578   3276 5494 297.438
3276 5494   3277 5485 297.438
3277 5485   3285 5485 297.438
3285 5485   3288 5486 297.438
3288 5486   3317 5488 297.438
3317 5488   3322 5489 297.438
3322 5489   3391 5491 297.438
3391 5491   3434 5492 297.438
3434 5492   3434 5496 297.438
3434 5496   3433 5525 297.438
3433 5525   3434 5604 297.438
3434 5604   3434 5624 297.438
3434 5624   3432 5631 297.438
3432 5631   3430 5636 297.438
3430 5636   3430 5638 297.438
3430 5638   3424 5644 297.438
3424 5644   3420 5648 297.438
3420 5648   3420 5648 297.438
3420 5648   3418 5650 297.438
3418 5650   3396 5661 297.438
3396 5661   3395 5661 297.438
3395 5661   3392 5663 297.438
3392 5663   3372 5665 297.438
3372 5665   3370 5665 297.438
3370 5665   3362 5666 297.438
3362 5666   3338 5665 297.438
3338 5665   3334 5665 297.438
3334 5665   3325 5664 297.438
3325 5664   3311 5662 297.438
3311 5662   3304 5660 297.438
3304 5660   3304 5660 297.438
3304 5660   3279 5645 297.438
3279 5645   3274 5640 297.438
3274 5640   3274 5640 297.438
3274 5640   3267 5631 297.438
3267 5631   3265 5622 297.438
3265 5622   3264 5618 297.438
3264 5618   3264 5616 297.438
3276 1156   3277 1153 297.438
3277 1153   3277 1153 297.438
3277 1153   3281 1149 297.438
3281 1149   3281 1149 297.438
3281 1149   3288 1141 297.438
3288 1141   3290 1139 297.438
3290 1139   3291 1139 297.438
3291 1139   3295 1136 297.438
3295 1136   3296 1135 297.438
3296 1135   3297 1135 297.438
3297 1135   3296 1135 297.438
3296 1135   3312 1126 297.438
3312 1126   3317 1125 297.438
3317 1125   3341 1120 297.438
3341 1120   3345 1120 297.438
3345 1120   3365 1118 297.438
3365 1118   3375 1118 297.438
3375 1118   3400 1121 297.438
3400 1121   3402 1121 297.438
3402 1121   3421 1130 297.438
3421 1130   3426 1133 297.438
3426 1133   3426 1133 297.438
3426 1133   3440 1146 297.438
3440 1146   3440 1147 297.438
3440 1147   3443 1156 297.438
3443 1156   3443 1156 297.438
3443 1156   3444 1158 297.438
3444 1158   3446 1222 297.438
3446 1222   3446 1251 297.438
3446 1251   3445 1289 297.438
3445 1289   3445 1292 297.438
3445 1292   3412 1293 297.438
3412 1293   3373 1294 297.438
3373 1294   3286 1300 297.438
3286 1300   3281 1262 297.438
3281 1262   3274 1169 297.438
3274 1169   3274 1169 297.438
3274 1169   3276 1156 297.438
3276 1156   3276 1156 297.438
3280 1149   3280 1150 297.438
3280 1150   3280 1149 297.438
3481 5496   3481 5493 297.438
3481 5493   3514 5492 297.438
3514 5492   3552 5492 297.438
3552 5492   3640 5485 297.438
3640 5485   3645 5524 297.438
3645 5524   3647 5554 297.438
3647 5554   3650 5590 297.438
3650 5590   3652 5616 297.438
3652 5616   3650 5627 297.438
3650 5627   3648 5632 297.438
3648 5632   3645 5637 297.438
3645 5637   3640 5642 297.438
3640 5642   3637 5645 297.438
3637 5645   3616 5657 297.438
3616 5657   3612 5660 297.438
3612 5660   3612 5660 297.438
3612 5660   3607 5661 297.438
3607 5661   3584 5665 297.438
3584 5665   3582 5666 297.438
3582 5666   3560 5667 297.438
3560 5667   3550 5667 297.438
3550 5667   3526 5664 297.438
3526 5664   3523 5664 297.438
3523 5664   3507 5656 297.438
3507 5656   3502 5654 297.438
3502 5654   3501 5653 297.438
3501 5653   3500 5652 297.438
3500 5652   3492 5645 297.438
3492 5645   3486 5640 297.438
3486 5640   3486 5639 297.438
3486 5639   3482 5629 297.438
3482 5629   3482 5627 297.438
3482 5627   3481 5603 297.438
3481 5603   3480 5555 297.438
3480 5555   3479 5535 297.438
3479 5535   3481 5496 297.438
3481 5496   3481 5496 297.438
3493 1260   3493 1244 297.438
3493 1244   3492 1167 297.438
3492 1167   3492 1163 297.438
3492 1163   3494 1154 297.438
3494 1154   3494 1152 297.438
3494 1152   3496 1147 297.438
3496 1147   3504 1138 297.438
3504 1138   3509 1133 297.438
3509 1133   3527 1125 297.438
3527 1125   3528 1125 297.438
3528 1125   3534 1122 297.438
3534 1122   3552 1120 297.438
3552 1120   3556 1120 297.438
3556 1120   3563 1119 297.438
3563 1119   3563 1119 297.438
3563 1119   3588 1120 297.438
3588 1120   3591 1120 297.438
3591 1120   3601 1121 297.438
3601 1121   3601 1121 297.438
3601 1121   3613 1123 297.438
3613 1123   3626 1127 297.438
3626 1127   3645 1138 297.438
3645 1138   3647 1140 297.438
3647 1140   3650 1144 297.438
3650 1144   3659 1154 297.438
3659 1154   3660 1163 297.438
3660 1163   3661 1166 297.438
3661 1166   3662 1169 297.438
3662 1169   3662 1170 297.438
3662 1170   3657 1207 297.438
3657 1207   3649 1300 297.438
3649 1300   3639 1299 297.438
3639 1299   3627 1298 297.438
3627 1298   3607 1296 297.438
3607 1296   3604 1296 297.438
3604 1296   3534 1294 297.438
3534 1294   3491 1293 297.438
3491 1293   3491 1289 297.438
3491 1289   3493 1260 297.438
3493 1260   3493 1260 297.438
3734 1221   3736 1209 297.438
3736 1209   3740 1178 297.438
3740 1178   3745 1164 297.438
3745 1164   3745 1163 297.438
3745 1163   3747 1162 297.438
3747 1162   3748 1162 297.438
3748 1162   3764 1150 297.438
3764 1150   3779 1145 297.438
3779 1145   3786 1143 297.438
3786 1143   3786 1143 297.438
3786 1143   3811 1144 297.438
3811 1144   3821 1145 297.438
3821 1145   3838 1148 297.438
3838 1148   3847 1150 297.438
3847 1150   3852 1152 297.438
3852 1152   3864 1155 297.438
3864 1155   3873 1158 297.438
3873 1158   3885 1167 297.438
3885 1167   3895 1174 297.438
3895 1174   3899 1179 297.438
3899 1179   3907 1191 297.438
3907 1191   3907 1193 297.438
3907 1193   3908 1194 297.438
3908 1194   3908 1205 297.438
3908 1205   3901 1243 297.438
3901 1243   3900 1252 297.438
3900 1252   3881 1334 297.438
3881 1334   3846 1328 297.438
3846 1328   3822 1324 297.438
3822 1324   3749 1311 297.438
3749 1311   3724 1308 297.438
3724 1308   3725 1296 297.438
3725 1296   3734 1221 297.438
3734 1221   3734 1221 297.438
3717 5478   3719 5478 297.438
3719 5478   3741 5475 297.438
3741 5475   3821 5462 297.438
3821 5462   3873 5452 297.438
3873 5452   3876 5473 297.438
3876 5473   3892 5546 297.438
3892 5546   3900 5581 297.438
3900 5581   3899 5589 297.438
3899 5589   3899 5596 297.438
3899 5596   3889 5611 297.438
3889 5611   3875 5622 297.438
3875 5622   3874 5623 297.438
3874 5623   3867 5628 297.438
3867 5628   3863 5629 297.438
3863 5629   3852 5633 297.438
3852 5633   3840 5636 297.438
3840 5636   3831 5638 297.438
3831 5638   3813 5641 297.438
3813 5641   3807 5642 297.438
3807 5642   3799 5643 297.438
3799 5643   3780 5643 297.438
3780 5643   3769 5640 297.438
3769 5640   3753 5635 297.438
3753 5635   3751 5633 297.438
3751 5633   3750 5633 297.438
3750 5633   3737 5623 297.438
3737 5623   3736 5618 297.438
3736 5618   3732 5609 297.438
3732 5609   3730 5587 297.438
3730 5587   3730 5585 297.438
3730 5585   3720 5505 297.438
3720 5505   3717 5478 297.438
3717 5478   3717 5478 297.438
3916 5444   3947 5437 297.438
3947 5437   3969 5432 297.438
3969 5432   4048 5409 297.438
4048 5409   4070 5403 297.438
4070 5403   4071 5406 297.438
4071 5406   4072 5408 297.438
4072 5408   4090 5462 297.438
4090 5462   4102 5504 297.438
4102 5504   4109 5527 297.438
4109 5527   4109 5544 297.438
4109 5544   4104 5554 297.438
4104 5554   4104 5554 297.438
4104 5554   4103 5555 297.438
4103 5555   4103 5555 297.438
4103 5555   4099 5562 297.438
4099 5562   4092 5568 297.438
4092 5568   4092 5568 297.438
4092 5568   4079 5579 297.438
4079 5579   4075 5581 297.438
4075 5581   4064 5586 297.438
4064 5586   4053 5590 297.438
4053 5590   4049 5592 297.438
4049 5592   4022 5599 297.438
4022 5599   4021 5599 297.438
4021 5599   4013 5601 297.438
4013 5601   3997 5602 297.438
3997 5602   3970 5597 297.438
3970 5597   3951 5585 297.438
3951 5585   3946 5576 297.438
3946 5576   3945 5575 297.438
3945 5575   3945 5573 297.438
3945 5573   3936 5539 297.438
3936 5539   3926 5496 297.438
3926 5496   3922 5475 297.438
3922 5475   3916 5444 297.438
3916 5444   3916 5444 297.438
3947 1218   3948 1214 297.438
3948 1214   3954 1202 297.438
3954 1202   3954 1201 297.438
3954 1201   3969 1191 297.438
3969 1191   3979 1189 297.438
3979 1189   3983 1188 297.438
3983 1188   3986 1187 297.438
3986 1187   3986 1187 297.438
3986 1187   3999 1185 297.438
3999 1185   4002 1185 297.438
4002 1185   4013 1186 297.438
4013 1186   4026 1188 297.438
4026 1188   4045 1193 297.438
4045 1193   4047 1193 297.438
4047 1193   4049 1194 297.438
4049 1194   4082 1206 297.438
4082 1206   4083 1207 297.438
4083 1207   4085 1208 297.438
4085 1208   4086 1208 297.438
4086 1208   4099 1220 297.438
4099 1220   4103 1222 297.438
4103 1222   4112 1238 297.438
4112 1238   4113 1240 297.438
4113 1240   4113 1256 297.438
4113 1256   4074 1382 297.438
4074 1382   3921 1342 297.438
3921 1342   3922 1338 297.438
3922 1338   3939 1256 297.438
3939 1256   3947 1218 297.438
3947 1218   3947 1218 297.438
4147 5379   4245 5342 297.438
4245 5342   4246 5341 297.438
4246 5341   4283 5328 297.438
4283 5328   4294 5322 297.438
4294 5322   4301 5338 297.438
4301 5338   4319 5378 297.438
4319 5378   4337 5421 297.438
4337 5421   4340 5428 297.438
4340 5428   4346 5440 297.438
4346 5440   4349 5457 297.438
4349 5457   4349 5459 297.438
4349 5459   4348 5460 297.438
4348 5460   4341 5479 297.438
4341 5479   4340 5480 297.438
4340 5480   4325 5495 297.438
4325 5495   4324 5495 297.438
4324 5495   4299 5509 297.438
4299 5509   4291 5512 297.438
4291 5512   4289 5513 297.438
4289 5513   4272 5519 297.438
4272 5519   4266 5521 297.438
4266 5521   4257 5523 297.438
4257 5523   4240 5527 297.438
4240 5527   4234 5526 297.438
4234 5526   4219 5525 297.438
4219 5525   4213 5524 297.438
4213 5524   4203 5520 297.438
4203 5520   4200 5518 297.438
4200 5518   4197 5517 297.438
4197 5517   4194 5513 297.438
4194 5513   4190 5506 297.438
4190 5506   4189 5505 297.438
4189 5505   4177 5470 297.438
4177 5470   4171 5452 297.438
4171 5452   4155 5402 297.438
4155 5402   4152 5393 297.438
4152 5393   4147 5379 297.438
4147 5379   4147 5379 297.438
4180 1319   4193 1285 297.438
4193 1285   4193 1284 297.438
4193 1284   4201 1273 297.438
4201 1273   4202 1271 297.438
4202 1271   4202 1271 297.438
4202 1271   4203 1270 297.438
4203 1270   4212 1266 297.438
4212 1266   4220 1263 297.438
4220 1263   4224 1262 297.438
4224 1262   4234 1261 297.438
4234 1261   4246 1260 297.438
4246 1260   4258 1263 297.438
4258 1263   4274 1267 297.438
4274 1267   4275 1267 297.438
4275 1267   4284 1270 297.438
4284 1270   4303 1278 297.438
4303 1278   4305 1278 297.438
4305 1278   4309 1281 297.438
4309 1281   4329 1291 297.438
4329 1291   4329 1292 297.438
4329 1292   4346 1308 297.438
4346 1308   4347 1309 297.438
4347 1309   4355 1329 297.438
4355 1329   4355 1329 297.438
4355 1329   4354 1338 297.438
4354 1338   4353 1343 297.438
4353 1343   4305 1454 297.438
4305 1454   4302 1462 297.438
4302 1462   4300 1465 297.438
4300 1465   4288 1460 297.438
4288 1460   4254 1447 297.438
4254 1447   4151 1408 297.438
4151 1408   4157 1390 297.438
4157 1390   4158 1387 297.438
4158 1387   4180 1319 297.438
4180 1319   4180 1319 297.438
4363 1430   4391 1363 297.438
4391 1363   4393 1361 297.438
4393 1361   4399 1354 297.438
4399 1354   4402 1351 297.438
4402 1351   4406 1349 297.438
4406 1349   4413 1347 297.438
4413 1347   4418 1345 297.438
4418 1345   4446 1345 297.438
4446 1345   4450 1346 297.438
4450 1346   4462 1350 297.438
4462 1350   4473 1354 297.438
4473 1354   4486 1360 297.438
4486 1360   4496 1366 297.438
4496 1366   4503 1369 297.438
4503 1369   4527 1385 297.438
4527 1385   4542 1406 297.438
4542 1406   4548 1424 297.438
4548 1424   4545 1435 297.438
4545 1435   4522 1476 297.438
4522 1476   4479 1554 297.438
4479 1554   4393 1510 297.438
4393 1510   4380 1504 297.438
4380 1504   4338 1483 297.438
4338 1483   4346 1468 297.438
4346 1468   4353 1452 297.438
4353 1452   4363 1430 297.438
4363 1430   4363 1430 297.438
4334 5304   4343 5299 297.438
4343 5299   4472 5236 297.438
4472 5236   4477 5233 297.438
4477 5233   4527 5322 297.438
4527 5322   4535 5337 297.438
4535 5337   4541 5348 297.438
4541 5348   4544 5362 297.438
4544 5362   4539 5381 297.438
4539 5381   4524 5401 297.438
4524 5401   4510 5411 297.438
4510 5411   4507 5413 297.438
4507 5413   4505 5415 297.438
4505 5415   4483 5426 297.438
4483 5426   4480 5428 297.438
4480 5428   4474 5431 297.438
4474 5431   4465 5434 297.438
4465 5434   4454 5438 297.438
4454 5438   4443 5442 297.438
4443 5442   4416 5442 297.438
4416 5442   4410 5440 297.438
4410 5440   4397 5435 297.438
4397 5435   4396 5434 297.438
4396 5434   4391 5428 297.438
4391 5428   4388 5424 297.438
4388 5424   4384 5416 297.438
4384 5416   4372 5391 297.438
4372 5391   4345 5329 297.438
4345 5329   4334 5304 297.438
4334 5304   4334 5304 297.438
4410 5440   4411 5440 297.438
4411 5440   4410 5440 297.438
4556 1580   4564 1568 297.438
4564 1568   4616 1481 297.438
4616 1481   4618 1478 297.438
4618 1478   4618 1478 297.438
4618 1478   4628 1469 297.438
4628 1469   4645 1465 297.438
4645 1465   4672 1469 297.438
4672 1469   4673 1469 297.438
4673 1469   4693 1479 297.438
4693 1479   4693 1479 297.438
4693 1479   4697 1481 297.438
4697 1481   4703 1485 297.438
4703 1485   4715 1493 297.438
4715 1493   4724 1499 297.438
4724 1499   4742 1515 297.438
4742 1515   4745 1518 297.438
4745 1518   4745 1518 297.438
4745 1518   4757 1538 297.438
4757 1538   4757 1537 297.438
4757 1537   4758 1538 297.438
4758 1538   4758 1538 297.438
4758 1538   4759 1541 297.438
4759 1541   4761 1549 297.438
4761 1549   4761 1551 297.438
4761 1551   4763 1560 297.438
4763 1560   4763 1562 297.438
4763 1562   4760 1569 297.438
4760 1569   4758 1575 297.438
4758 1575   4757 1576 297.438
4757 1576   4753 1582 297.438
4753 1582   4738 1605 297.438
4738 1605   4698 1659 297.438
4698 1659   4681 1682 297.438
4681 1682   4673 1676 297.438
4673 1676   4554 1596 297.438
4554 1596   4549 1593 297.438
4549 1593   4556 1580 297.438
4556 1580   4556 1580 297.438
4546 5193   4551 5191 297.438
4551 5191   4629 5138 297.438
4629 5138   4677 5106 297.438
4677 5106   4682 5112 297.438
4682 5112   4690 5124 297.438
4690 5124   4743 5196 297.438
4743 5196   4755 5212 297.438
4755 5212   4756 5215 297.438
4756 5215   4760 5227 297.438
4760 5227   4757 5245 297.438
4757 5245   4756 5246 297.438
4756 5246   4752 5253 297.438
4752 5253   4743 5269 297.438
4743 5269   4739 5273 297.438
4739 5273   4731 5279 297.438
4731 5279   4721 5288 297.438
4721 5288   4715 5292 297.438
4715 5292   4702 5301 297.438
4702 5301   4694 5306 297.438
4694 5306   4687 5309 297.438
4687 5309   4673 5316 297.438
4673 5316   4670 5318 297.438
4670 5318   4664 5319 297.438
4664 5319   4642 5322 297.438
4642 5322   4624 5317 297.438
4624 5317   4615 5309 297.438
4615 5309   4598 5280 297.438
4598 5280   4590 5267 297.438
4590 5267   4546 5193 297.438
4546 5193   4546 5193 297.438
4619 5316   4618 5315 297.438
4618 5315   4619 5316 297.438
4619 5316   4619 5316 297.438
4836 4981   4850 4997 297.438
4850 4997   4851 4998 297.438
4851 4998   4899 5051 297.438
4899 5051   4899 5052 297.438
4899 5052   4921 5078 297.438
4921 5078   4928 5091 297.438
4928 5091   4929 5092 297.438
4929 5092   4929 5096 297.438
4929 5096   4927 5116 297.438
4927 5116   4922 5128 297.438
4922 5128   4918 5135 297.438
4918 5135   4917 5138 297.438
4917 5138   4908 5147 297.438
4908 5147   4905 5150 297.438
4905 5150   4897 5159 297.438
4897 5159   4889 5165 297.438
4889 5165   4883 5170 297.438
4883 5170   4872 5179 297.438
4872 5179   4867 5182 297.438
4867 5182   4848 5194 297.438
4848 5194   4825 5200 297.438
4825 5200   4824 5200 297.438
4824 5200   4805 5198 297.438
4805 5198   4804 5198 297.438
4804 5198   4796 5193 297.438
4796 5193   4796 5192 297.438
4796 5192   4792 5189 297.438
4792 5189   4768 5158 297.438
4768 5158   4714 5085 297.438
4714 5085   4712 5082 297.438
4712 5082   4721 5076 297.438
4721 5076   4754 5049 297.438
4754 5049   4836 4982 297.438
4836 4982   4836 4981 297.438
4836 4982   4836 4981 297.438
4786 1614   4787 1613 297.438
4787 1613   4795 1601 297.438
4795 1601   4808 1591 297.438
4808 1591   4810 1591 297.438
4810 1591   4829 1588 297.438
4829 1588   4830 1589 297.438
4830 1589   4851 1594 297.438
4851 1594   4851 1594 297.438
4851 1594   4876 1609 297.438
4876 1609   4882 1615 297.438
4882 1615   4901 1630 297.438
4901 1630   4907 1636 297.438
4907 1636   4907 1636 297.438
4907 1636   4922 1652 297.438
4922 1652   4928 1666 297.438
4928 1666   4930 1671 297.438
4930 1671   4932 1675 297.438
4932 1675   4933 1686 297.438
4933 1686   4933 1689 297.438
4933 1689   4934 1694 297.438
4934 1694   4931 1700 297.438
4931 1700   4928 1706 297.438
4928 1706   4927 1708 297.438
4927 1708   4905 1733 297.438
4905 1733   4903 1735 297.438
4903 1735   4891 1748 297.438
4891 1748   4891 1748 297.438
4891 1748   4855 1788 297.438
4855 1788   4855 1789 297.438
4855 1789   4840 1807 297.438
4840 1807   4760 1741 297.438
4760 1741   4759 1740 297.438
4759 1740   4728 1714 297.438
4728 1714   4717 1707 297.438
4717 1707   4756 1654 297.438
4756 1654   4757 1653 297.438
4757 1653   4786 1614 297.438
4786 1614   4786 1614 297.438
4810 1589   4810 1589 297.438
4810 1589   4809 1590 297.438
4809 1590   4810 1589 297.438
4810 1589   4810 1589 297.438
4974 1779   4987 1765 297.438
4987 1765   4988 1764 297.438
4988 1764   4995 1760 297.438
4995 1760   5001 1756 297.438
5001 1756   5021 1756 297.438
5021 1756   5043 1763 297.438
5043 1763   5046 1764 297.438
5046 1764   5046 1764 297.438
5046 1764   5049 1767 297.438
5049 1767   5051 1768 297.438
5051 1768   5070 1782 297.438
5070 1782   5073 1785 297.438
5073 1785   5093 1804 297.438
5093 1804   5099 1811 297.438
5099 1811   5110 1828 297.438
5110 1828   5111 1830 297.438
5111 1830   5117 1848 297.438
5117 1848   5117 1872 297.438
5117 1872   5113 1878 297.438
5113 1878   5111 1882 297.438
5111 1882   5109 1884 297.438
5109 1884   5094 1899 297.438
5094 1899   5078 1914 297.438
5078 1914   5036 1953 297.438
5036 1953   5012 1974 297.438
5012 1974   4990 1950 297.438
4990 1950   4975 1934 297.438
4975 1934   4915 1877 297.438
4915 1877   4899 1860 297.438
4899 1860   4902 1857 297.438
4902 1857   4940 1814 297.438
4940 1814   4974 1779 297.438
4974 1779   4974 1779 297.438
5011 4817   5016 4822 297.438
5016 4822   5076 4876 297.438
5076 4876   5106 4902 297.438
5106 4902   5114 4916 297.438
5114 4916   5115 4932 297.438
5115 4932   5115 4934 297.438
5115 4934   5112 4942 297.438
5112 4942   5106 4960 297.438
5106 4960   5106 4961 297.438
5106 4961   5099 4969 297.438
5099 4969   5089 4983 297.438
5089 4983   5073 4999 297.438
5073 4999   5069 5004 297.438
5069 5004   5066 5007 297.438
5066 5007   5048 5021 297.438
5048 5021   5046 5022 297.438
5046 5022   5044 5024 297.438
5044 5024   5020 5032 297.438
5020 5032   5019 5033 297.438
5019 5033   5001 5033 297.438
5001 5033   4987 5024 297.438
4987 5024   4898 4928 297.438
4898 4928   4957 4867 297.438
4957 4867   5008 4815 297.438
5008 4815   5011 4817 297.438
5011 4817   5011 4817 297.438
5123 1934   5138 1919 297.438
5138 1919   5145 1916 297.438
5145 1916   5152 1912 297.438
5152 1912   5170 1914 297.438
5170 1914   5173 1915 297.438
5173 1915   5183 1919 297.438
5183 1919   5195 1924 297.438
5195 1924   5199 1927 297.438
5199 1927   5209 1937 297.438
5209 1937   5217 1944 297.438
5217 1944   5223 1951 297.438
5223 1951   5233 1963 297.438
5233 1963   5238 1969 297.438
5238 1969   5242 1976 297.438
5242 1976   5253 1994 297.438
5253 1994   5254 1996 297.438
5254 1996   5255 2002 297.438
5255 2002   5259 2020 297.438
5259 2020   5258 2021 297.438
5258 2021   5256 2039 297.438
5256 2039   5253 2043 297.438
5253 2043   5247 2051 297.438
5247 2051   5229 2063 297.438
5229 2063   5162 2113 297.438
5162 2113   5141 2129 297.438
5141 2129   5140 2127 297.438
5140 2127   5127 2110 297.438
5127 2110   5075 2048 297.438
5075 2048   5041 2007 297.438
5041 2007   5057 1993 297.438
5057 1993   5076 1977 297.438
5076 1977   5123 1934 297.438
5123 1934   5123 1934 297.438
5035 4785   5074 4738 297.438
5074 4738   5121 4682 297.438
5121 4682   5137 4662 297.438
5137 4662   5146 4668 297.438
5146 4668   5204 4712 297.438
5204 4712   5213 4719 297.438
5213 4719   5241 4740 297.438
5241 4740   5246 4746 297.438
5246 4746   5246 4746 297.438
5246 4746   5251 4754 297.438
5251 4754   5251 4754 297.438
5251 4754   5254 4772 297.438
5254 4772   5253 4773 297.438
5253 4773   5250 4790 297.438
5250 4790   5247 4799 297.438
5247 4799   5247 4799 297.438
5247 4799   5235 4818 297.438
5235 4818   5228 4827 297.438
5228 4827   5217 4841 297.438
5217 4841   5212 4847 297.438
5212 4847   5204 4854 297.438
5204 4854   5199 4859 297.438
5199 4859   5191 4866 297.438
5191 4866   5180 4872 297.438
5180 4872   5167 4877 297.438
5167 4877   5164 4878 297.438
5164 4878   5157 4878 297.438
5157 4878   5147 4879 297.438
5147 4879   5145 4878 297.438
5145 4878   5144 4878 297.438
5144 4878   5133 4872 297.438
5133 4872   5100 4845 297.438
5100 4845   5097 4842 297.438
5097 4842   5035 4785 297.438
5035 4785   5035 4785 297.438
5206 4565   5242 4507 297.438
5242 4507   5244 4504 297.438
5244 4504   5266 4468 297.438
5266 4468   5269 4469 297.438
5269 4469   5295 4485 297.438
5295 4485   5361 4523 297.438
5361 4523   5368 4527 297.438
5368 4527   5380 4534 297.438
5380 4534   5385 4540 297.438
5385 4540   5389 4543 297.438
5389 4543   5390 4545 297.438
5390 4545   5395 4563 297.438
5395 4563   5395 4563 297.438
5395 4563   5392 4586 297.438
5392 4586   5392 4591 297.438
5392 4591   5385 4607 297.438
5385 4607   5383 4611 297.438
5383 4611   5380 4616 297.438
5380 4616   5366 4639 297.438
5366 4639   5366 4640 297.438
5366 4640   5360 4648 297.438
5360 4648   5351 4658 297.438
5351 4658   5344 4666 297.438
5344 4666   5323 4678 297.438
5323 4678   5313 4680 297.438
5313 4680   5313 4680 297.438
5313 4680   5303 4682 297.438
5303 4682   5294 4679 297.438
5294 4679   5289 4678 297.438
5289 4678   5288 4677 297.438
5288 4677   5258 4654 297.438
5258 4654   5181 4601 297.438
5181 4601   5181 4600 297.438
5181 4600   5187 4592 297.438
5187 4592   5188 4591 297.438
5188 4591   5206 4565 297.438
5206 4565   5206 4565 297.438
5266 2135   5279 2126 297.438
5279 2126   5293 2117 297.438
5293 2117   5303 2113 297.438
5303 2113   5308 2111 297.438
5308 2111   5308 2112 297.438
5308 2112   5316 2113 297.438
5316 2113   5325 2115 297.438
5325 2115   5328 2116 297.438
5328 2116   5331 2118 297.438
5331 2118   5334 2119 297.438
5334 2119   5350 2129 297.438
5350 2129   5351 2129 297.438
5351 2129   5354 2133 297.438
5354 2133   5369 2151 297.438
5369 2151   5371 2152 297.438
5371 2152   5383 2170 297.438
5383 2170   5385 2173 297.438
5385 2173   5397 2201 297.438
5397 2201   5398 2202 297.438
5398 2202   5399 2204 297.438
5399 2204   5401 2229 297.438
5401 2229   5399 2238 297.438
5399 2238   5396 2249 297.438
5396 2249   5396 2250 297.438
5396 2250   5392 2254 297.438
5392 2254   5390 2256 297.438
5390 2256   5314 2304 297.438
5314 2304   5309 2307 297.438
5309 2307   5275 2325 297.438
5275 2325   5275 2325 297.438
5275 2325   5272 2327 297.438
5272 2327   5255 2298 297.438
5255 2298   5235 2265 297.438
5235 2265   5186 2192 297.438
5186 2192   5186 2192 297.438
5186 2192   5216 2169 297.438
5216 2169   5227 2161 297.438
5227 2161   5266 2135 297.438
5266 2135   5266 2135 297.438
5324 2352   5338 2344 297.438
5338 2344   5355 2334 297.438
5355 2334   5389 2313 297.438
5389 2313   5409 2302 297.438
5409 2302   5412 2301 297.438
5412 2301   5417 2300 297.438
5417 2300   5418 2299 297.438
5418 2299   5423 2298 297.438
5423 2298   5436 2301 297.438
5436 2301   5441 2303 297.438
5441 2303   5445 2306 297.438
5445 2306   5456 2313 297.438
5456 2313   5464 2319 297.438
5464 2319   5468 2324 297.438
5468 2324   5477 2337 297.438
5477 2337   5481 2342 297.438
5481 2342   5485 2351 297.438
5485 2351   5494 2368 297.438
5494 2368   5498 2376 297.438
5498 2376   5502 2389 297.438
5502 2389   5505 2398 297.438
5505 2398   5505 2425 297.438
5505 2425   5502 2432 297.438
5502 2432   5502 2432 297.438
5502 2432   5498 2443 297.438
5498 2443   5490 2451 297.438
5490 2451   5488 2452 297.438
5488 2452   5487 2453 297.438
5487 2453   5487 2453 297.438
5487 2453   5451 2468 297.438
5451 2468   5367 2507 297.438
5367 2507   5364 2500 297.438
5364 2500   5362 2497 297.438
5362 2497   5348 2467 297.438
5348 2467   5348 2467 297.438
5348 2467   5315 2405 297.438
5315 2405   5295 2367 297.438
5295 2367   5298 2365 297.438
5298 2365   5324 2352 297.438
5324 2352   5324 2352 297.438
5363 4286   5398 4301 297.438
5398 4301   5411 4306 297.438
5411 4306   5457 4329 297.438
5457 4329   5482 4341 297.438
5482 4341   5482 4341 297.438
5482 4341   5490 4348 297.438
5490 4348   5490 4348 297.438
5490 4348   5494 4351 297.438
5494 4351   5497 4359 297.438
5497 4359   5497 4360 297.438
5497 4360   5500 4370 297.438
5500 4370   5500 4395 297.438
5500 4395   5499 4400 297.438
5499 4400   5491 4424 297.438
5491 4424   5488 4431 297.438
5488 4431   5480 4446 297.438
5480 4446   5478 4450 297.438
5478 4450   5475 4454 297.438
5475 4454   5462 4473 297.438
5462 4473   5460 4475 297.438
5460 4475   5438 4490 297.438
5438 4490   5438 4491 297.438
5438 4491   5437 4492 297.438
5437 4492   5418 4497 297.438
5418 4497   5409 4494 297.438
5409 4494   5406 4494 297.438
5406 4494   5386 4483 297.438
5386 4483   5343 4459 297.438
5343 4459   5325 4450 297.438
5325 4450   5293 4429 297.438
5293 4429   5290 4428 297.438
5290 4428   5306 4398 297.438
5306 4398   5325 4365 297.438
5325 4365   5363 4286 297.438
5363 4286   5363 4286 297.438
5435 4111   5451 4067 297.438
5451 4067   5468 4074 297.438
5468 4074   5500 4085 297.438
5500 4085   5542 4098 297.438
5542 4098   5575 4108 297.438
5575 4108   5580 4111 297.438
5580 4111   5585 4115 297.438
5585 4115   5588 4117 297.438
5588 4117   5596 4133 297.438
5596 4133   5596 4133 297.438
5596 4133   5599 4157 297.438
5599 4157   5599 4162 297.438
5599 4162   5595 4179 297.438
5595 4179   5595 4181 297.438
5595 4181   5594 4185 297.438
5594 4185   5586 4209 297.438
5586 4209   5584 4214 297.438
5584 4214   5582 4219 297.438
5582 4219   5579 4226 297.438
5579 4226   5569 4244 297.438
5569 4244   5562 4251 297.438
5562 4251   5549 4263 297.438
5549 4263   5546 4264 297.438
5546 4264   5544 4264 297.438
5544 4264   5530 4270 297.438
5530 4270   5525 4269 297.438
5525 4269   5516 4268 297.438
5516 4268   5496 4258 297.438
5496 4258   5494 4257 297.438
5494 4257   5420 4226 297.438
5420 4226   5395 4215 297.438
5395 4215   5396 4213 297.438
5396 4213   5405 4193 297.438
5405 4193   5435 4111 297.438
5435 4111   5435 4111 297.438
5479 2542   5490 2537 297.438
5490 2537   5518 2525 297.438
5518 2525   5525 2524 297.438
5525 2524   5525 2524 297.438
5525 2524   5535 2523 297.438
5535 2523   5538 2524 297.438
5538 2524   5538 2524 297.438
5538 2524   5552 2530 297.438
5552 2530   5552 2530 297.438
5552 2530   5566 2543 297.438
5566 2543   5571 2547 297.438
5571 2547   5571 2547 297.438
5571 2547   5583 2569 297.438
5583 2569   5587 2580 297.438
5587 2580   5593 2596 297.438
5593 2596   5595 2602 297.438
5595 2602   5597 2609 297.438
5597 2609   5599 2621 297.438
5599 2621   5602 2631 297.438
5602 2631   5602 2634 297.438
5602 2634   5601 2644 297.438
5601 2644   5599 2658 297.438
5599 2658   5599 2659 297.438
5599 2659   5596 2667 297.438
5596 2667   5591 2677 297.438
5591 2677   5590 2677 297.438
5590 2677   5588 2679 297.438
5588 2679   5578 2685 297.438
5578 2685   5573 2687 297.438
5573 2687   5547 2696 297.438
5547 2696   5524 2704 297.438
5524 2704   5488 2715 297.438
5488 2715   5454 2726 297.438
5454 2726   5433 2669 297.438
5433 2669   5408 2600 297.438
5408 2600   5398 2576 297.438
5398 2576   5408 2571 297.438
5408 2571   5479 2542 297.438
5479 2542   5479 2542 297.438
5503 3888   5507 3869 297.438
5507 3869   5507 3869 297.438
5507 3869   5564 3880 297.438
5564 3880   5632 3897 297.438
5632 3897   5635 3898 297.438
5635 3898   5636 3898 297.438
5636 3898   5649 3906 297.438
5649 3906   5651 3910 297.438
5651 3910   5655 3917 297.438
5655 3917   5656 3917 297.438
5656 3917   5659 3923 297.438
5659 3923   5662 3936 297.438
5662 3936   5662 3937 297.438
5662 3937   5664 3947 297.438
5664 3947   5664 3952 297.438
5664 3952   5661 3978 297.438
5661 3978   5660 3981 297.438
5660 3981   5660 3981 297.438
5660 3981   5653 4009 297.438
5653 4009   5643 4032 297.438
5643 4032   5643 4032 297.438
5643 4032   5626 4051 297.438
5626 4051   5626 4052 297.438
5626 4052   5606 4064 297.438
5606 4064   5596 4063 297.438
5596 4063   5592 4063 297.438
5592 4063   5559 4053 297.438
5559 4053   5521 4042 297.438
5521 4042   5500 4035 297.438
5500 4035   5466 4023 297.438
5466 4023   5476 3990 297.438
5476 3990   5483 3966 297.438
5483 3966   5503 3888 297.438
5503 3888   5503 3888 297.438
5468 2772   5501 2763 297.438
5501 2763   5520 2757 297.438
5520 2757   5564 2742 297.438
5564 2742   5588 2734 297.438
5588 2734   5593 2732 297.438
5593 2732   5599 2732 297.438
5599 2732   5609 2731 297.438
5609 2731   5610 2732 297.438
5610 2732   5625 2740 297.438
5625 2740   5629 2744 297.438
5629 2744   5639 2756 297.438
5639 2756   5644 2761 297.438
5644 2761   5647 2767 297.438
5647 2767   5654 2783 297.438
5654 2783   5655 2787 297.438
5655 2787   5656 2788 297.438
5656 2788   5664 2816 297.438
5664 2816   5665 2819 297.438
5665 2819   5665 2823 297.438
5665 2823   5667 2844 297.438
5667 2844   5667 2849 297.438
5667 2849   5662 2872 297.438
5662 2872   5656 2882 297.438
5656 2882   5655 2884 297.438
5655 2884   5652 2889 297.438
5652 2889   5645 2892 297.438
5645 2892   5643 2893 297.438
5643 2893   5638 2896 297.438
5638 2896   5629 2898 297.438
5629 2898   5593 2905 297.438
5593 2905   5571 2910 297.438
5571 2910   5510 2925 297.438
5510 2925   5506 2908 297.438
5506 2908   5498 2875 297.438
5498 2875   5484 2826 297.438
5484 2826   5480 2812 297.438
5480 2812   5468 2772 297.438
5468 2772   5468 2772 297.438
5494 2928   5494 2928 297.438
5548 3649   5549 3637 297.438
5549 3637   5660 3650 297.438
5660 3650   5663 3650 297.438
5663 3650   5679 3651 297.438
5679 3651   5686 3654 297.438
5686 3654   5691 3656 297.438
5691 3656   5704 3670 297.438
5704 3670   5705 3671 297.438
5705 3671   5706 3673 297.438
5706 3673   5707 3676 297.438
5707 3676   5714 3698 297.438
5714 3698   5714 3699 297.438
5714 3699   5713 3726 297.438
5713 3726   5711 3734 297.438
5711 3734   5709 3745 297.438
5709 3745   5708 3755 297.438
5708 3755   5706 3761 297.438
5706 3761   5704 3770 297.438
5704 3770   5699 3785 297.438
5699 3785   5686 3804 297.438
5686 3804   5683 3808 297.438
5683 3808   5680 3810 297.438
5680 3810   5677 3812 297.438
5677 3812   5675 3813 297.438
5675 3813   5669 3817 297.438
5669 3817   5669 3817 297.438
5669 3817   5667 3819 297.438
5667 3819   5655 3819 297.438
5655 3819   5623 3813 297.438
5623 3813   5620 3813 297.438
5620 3813   5598 3808 297.438
5598 3808   5598 3808 297.438
5598 3808   5548 3797 297.438
5548 3797   5524 3793 297.438
5524 3793   5541 3690 297.438
5541 3690   5541 3689 297.438
5541 3689   5548 3649 297.438
5548 3649   5548 3649 297.438
5617 2977   5617 2977 297.438
5617 2977   5639 2973 297.438
5639 2973   5653 2971 297.438
5653 2971   5661 2971 297.438
5661 2971   5666 2972 297.438
5666 2972   5668 2972 297.438
5668 2972   5671 2973 297.438
5671 2973   5679 2979 297.438
5679 2979   5684 2983 297.438
5684 2983   5695 2997 297.438
5695 2997   5698 3003 297.438
5698 3003   5703 3017 297.438
5703 3017   5704 3019 297.438
5704 3019   5708 3033 297.438
5708 3033   5708 3034 297.438
5708 3034   5710 3043 297.438
5710 3043   5714 3065 297.438
5714 3065   5714 3093 297.438
5714 3093   5708 3116 297.438
5708 3116   5708 3116 297.438
5708 3116   5694 3134 297.438
5694 3134   5689 3136 297.438
5689 3136   5685 3138 297.438
5685 3138   5682 3139 297.438
5682 3139   5642 3144 297.438
5642 3144   5553 3154 297.438
5553 3154   5550 3155 297.438
5550 3155   5549 3144 297.438
5549 3144   5542 3103 297.438
5542 3103   5525 2997 297.438
5525 2997   5543 2993 297.438
5543 2993   5547 2992 297.438
5547 2992   5617 2977 297.438
5617 2977   5617 2977 297.438
5563 3434   5563 3434 297.438
5563 3434   5694 3436 297.438
5694 3436   5710 3441 297.438
5710 3441   5721 3454 297.438
5721 3454   5723 3456 297.438
5723 3456   5732 3476 297.438
5732 3476   5732 3481 297.438
5732 3481   5734 3502 297.438
5734 3502   5734 3513 297.438
5734 3513   5733 3528 297.438
5733 3528   5732 3540 297.438
5732 3540   5731 3545 297.438
5731 3545   5729 3555 297.438
5729 3555   5727 3567 297.438
5727 3567   5720 3578 297.438
5720 3578   5712 3592 297.438
5712 3592   5712 3592 297.438
5712 3592   5708 3596 297.438
5708 3596   5699 3603 297.438
5699 3603   5697 3604 297.438
5697 3604   5683 3606 297.438
5683 3606   5674 3606 297.438
5674 3606   5648 3604 297.438
5648 3604   5555 3593 297.438
5555 3593   5553 3593 297.438
5553 3593   5553 3583 297.438
5553 3583   5563 3440 297.438
5563 3440   5563 3434 297.438
5553 3196   5569 3196 297.438
5569 3196   5665 3185 297.438
5665 3185   5670 3184 297.438
5670 3184   5684 3183 297.438
5684 3183   5690 3184 297.438
5690 3184   5698 3185 297.438
5698 3185   5713 3197 297.438
5713 3197   5713 3198 297.438
5713 3198   5719 3209 297.438
5719 3209   5727 3222 297.438
5727 3222   5728 3225 297.438
5728 3225   5730 3240 297.438
5730 3240   5732 3249 297.438
5732 3249   5733 3257 297.438
5733 3257   5734 3274 297.438
5734 3274   5734 3291 297.438
5734 3291   5732 3310 297.438
5732 3310   5732 3311 297.438
5732 3311   5730 3316 297.438
5730 3316   5722 3335 297.438
5722 3335   5710 3348 297.438
5710 3348   5698 3352 297.438
5698 3352   5664 3353 297.438
5664 3353   5650 3353 297.438
5650 3353   5563 3354 297.438
5563 3354   5563 3349 297.438
5563 3349   5557 3257 297.438
5557 3257   5553 3197 297.438
5553 3197   5553 3196 297.438
5553 3197   5553 3196 297.438
5563 3370   5563 3372 297.438
5563 3372   5563 3370 297.438
5616 2977   5616 2977 297.438
5616 2977   5610 2978 297.438
5610 2978   5616 2977 297.438
5616 2977   5616 2977 297.438
3264 5614   3264 5615 297.438
3264 5615   3264 5614 297.438
